single point
       alpha_l                      3.000000000000000    1.000000000000000    0.000000000000000
       alpha_t                      0.005680265000000000    1.000000000000000    0.000000000000000
        hk1000                      0.0002560470000000000    1.000000000000000    0.000000000000000
        hk1001                      0.0002560470000000000    1.000000000000000    0.000000000000000
        hk1002                      0.0002560470000000000    1.000000000000000    0.000000000000000
        hk1003                      0.0002560470000000000    1.000000000000000    0.000000000000000
        hk1004                      0.0002560470000000000    1.000000000000000    0.000000000000000
        hk1005                      0.0002560470000000000    1.000000000000000    0.000000000000000
        hk1006                      0.0002560470000000000    1.000000000000000    0.000000000000000
        hk1007                      0.0002560470000000000    1.000000000000000    0.000000000000000
        hk1008                      0.0002560470000000000    1.000000000000000    0.000000000000000
        hk1009                      0.0002560470000000000    1.000000000000000    0.000000000000000
        hk1010                      0.0002560470000000000    1.000000000000000    0.000000000000000
        hk1011                      0.0002560470000000000    1.000000000000000    0.000000000000000
        hk1012                      0.0002560470000000000    1.000000000000000    0.000000000000000
        hk1013                      0.0002560470000000000    1.000000000000000    0.000000000000000
        hk1014                      0.0002560470000000000    1.000000000000000    0.000000000000000
        hk1015                      0.0002560470000000000    1.000000000000000    0.000000000000000
        hk1016                      0.0002560470000000000    1.000000000000000    0.000000000000000
        hk1017                      0.0002560470000000000    1.000000000000000    0.000000000000000
        hk1018                      0.0002560470000000000    1.000000000000000    0.000000000000000
        hk1019                      0.0002560470000000000    1.000000000000000    0.000000000000000
        hk1020                      0.0002560470000000000    1.000000000000000    0.000000000000000
        hk1021                      0.0002560470000000000    1.000000000000000    0.000000000000000
        hk1022                      0.0002560470000000000    1.000000000000000    0.000000000000000
        hk1023                      0.0002560470000000000    1.000000000000000    0.000000000000000
        hk1024                      0.0002560470000000000    1.000000000000000    0.000000000000000
        hk1025                      0.0002560470000000000    1.000000000000000    0.000000000000000
        hk1026                      0.0002560470000000000    1.000000000000000    0.000000000000000
        hk1027                      0.0002560470000000000    1.000000000000000    0.000000000000000
        hk1028                      0.0002560470000000000    1.000000000000000    0.000000000000000
        hk1029                      0.0001743150000000000    1.000000000000000    0.000000000000000
        hk1030                      0.0001673550000000000    1.000000000000000    0.000000000000000
        hk1031                      0.0001965540000000000    1.000000000000000    0.000000000000000
        hk1032                      0.0002560470000000000    1.000000000000000    0.000000000000000
        hk1033                      0.0002560470000000000    1.000000000000000    0.000000000000000
        hk1034                      0.0002560470000000000    1.000000000000000    0.000000000000000
        hk1035                      0.0002560470000000000    1.000000000000000    0.000000000000000
        hk1036                      0.0002560470000000000    1.000000000000000    0.000000000000000
        hk1037                      0.0002560470000000000    1.000000000000000    0.000000000000000
        hk1038                      0.0002560470000000000    1.000000000000000    0.000000000000000
        hk1039                      0.0002560470000000000    1.000000000000000    0.000000000000000
        hk1040                      0.0002560470000000000    1.000000000000000    0.000000000000000
        hk1041                      0.0002409180000000000    1.000000000000000    0.000000000000000
        hk1042                      0.0002062240000000000    1.000000000000000    0.000000000000000
        hk1043                      0.0001913660000000000    1.000000000000000    0.000000000000000
        hk1044                      0.0001753860000000000    1.000000000000000    0.000000000000000
        hk1045                      0.0001785490000000000    1.000000000000000    0.000000000000000
        hk1046                      0.0002560470000000000    1.000000000000000    0.000000000000000
        hk1047                      0.0002560470000000000    1.000000000000000    0.000000000000000
        hk1048                      0.0002560470000000000    1.000000000000000    0.000000000000000
        hk1049                      0.0002560470000000000    1.000000000000000    0.000000000000000
        hk1050                      0.0002560470000000000    1.000000000000000    0.000000000000000
        hk1051                      0.0002560470000000000    1.000000000000000    0.000000000000000
        hk1052                      0.0002560470000000000    1.000000000000000    0.000000000000000
        hk1053                      0.0002560470000000000    1.000000000000000    0.000000000000000
        hk1054                      0.0002560470000000000    1.000000000000000    0.000000000000000
        hk1055                      0.0002560470000000000    1.000000000000000    0.000000000000000
        hk1056                      0.0002560470000000000    1.000000000000000    0.000000000000000
        hk1057                      0.0002560470000000000    1.000000000000000    0.000000000000000
        hk1058                      0.0001622550000000000    1.000000000000000    0.000000000000000
        hk1059                      0.0001719500000000000    1.000000000000000    0.000000000000000
        hk1060                      0.0001852340000000000    1.000000000000000    0.000000000000000
        hk1061                      0.0001742940000000000    1.000000000000000    0.000000000000000
        hk1062                      0.0001846750000000000    1.000000000000000    0.000000000000000
        hk1063                      0.0001868070000000000    1.000000000000000    0.000000000000000
        hk1064                      0.0001634130000000000    1.000000000000000    0.000000000000000
        hk1065                      0.0002560470000000000    1.000000000000000    0.000000000000000
        hk1066                      0.0002560470000000000    1.000000000000000    0.000000000000000
        hk1067                      0.0002560470000000000    1.000000000000000    0.000000000000000
        hk1068                      0.0002560470000000000    1.000000000000000    0.000000000000000
        hk1069                      0.0002560470000000000    1.000000000000000    0.000000000000000
        hk1070                      0.0002560470000000000    1.000000000000000    0.000000000000000
        hk1071                      0.0002560470000000000    1.000000000000000    0.000000000000000
        hk1072                      0.0002560470000000000    1.000000000000000    0.000000000000000
        hk1073                      0.0002560470000000000    1.000000000000000    0.000000000000000
        hk1074                      0.0002560470000000000    1.000000000000000    0.000000000000000
        hk1075                      0.0002560470000000000    1.000000000000000    0.000000000000000
        hk1076                      0.0002447020000000000    1.000000000000000    0.000000000000000
        hk1077                      0.0003483620000000000    1.000000000000000    0.000000000000000
        hk1078                      0.0001660840000000000    1.000000000000000    0.000000000000000
        hk1079                      0.0001651330000000000    1.000000000000000    0.000000000000000
        hk1080                      0.0002062340000000000    1.000000000000000    0.000000000000000
        hk1081                      0.0001868520000000000    1.000000000000000    0.000000000000000
        hk1082                      0.0002560470000000000    1.000000000000000    0.000000000000000
        hk1083                      0.0002560470000000000    1.000000000000000    0.000000000000000
        hk1084                      0.0002560470000000000    1.000000000000000    0.000000000000000
        hk1085                      0.0002560470000000000    1.000000000000000    0.000000000000000
        hk1086                      0.0002560470000000000    1.000000000000000    0.000000000000000
        hk1087                      0.0002560470000000000    1.000000000000000    0.000000000000000
        hk1088                      0.0002560470000000000    1.000000000000000    0.000000000000000
        hk1089                      0.0002560470000000000    1.000000000000000    0.000000000000000
        hk1090                      0.0002560470000000000    1.000000000000000    0.000000000000000
        hk1091                      0.0002560470000000000    1.000000000000000    0.000000000000000
        hk1092                      0.0002560470000000000    1.000000000000000    0.000000000000000
        hk1093                      0.0001912490000000000    1.000000000000000    0.000000000000000
        hk1094                      0.0001180220000000000    1.000000000000000    0.000000000000000
        hk1095                      0.0001724950000000000    1.000000000000000    0.000000000000000
        hk1096                      0.0002370870000000000    1.000000000000000    0.000000000000000
        hk1097                      0.0001494330000000000    1.000000000000000    0.000000000000000
        hk1098                      0.0001329550000000000    1.000000000000000    0.000000000000000
        hk1099                      0.0001394020000000000    1.000000000000000    0.000000000000000
        hk1100                      0.0001644590000000000    1.000000000000000    0.000000000000000
        hk1101                      0.0002560470000000000    1.000000000000000    0.000000000000000
        hk1102                      0.0002560470000000000    1.000000000000000    0.000000000000000
        hk1103                      0.0002560470000000000    1.000000000000000    0.000000000000000
        hk1104                      0.0002560470000000000    1.000000000000000    0.000000000000000
        hk1105                      0.0002560470000000000    1.000000000000000    0.000000000000000
        hk1106                      0.0002560470000000000    1.000000000000000    0.000000000000000
        hk1107                      0.0003102960000000000    1.000000000000000    0.000000000000000
        hk1108                      0.0003064090000000000    1.000000000000000    0.000000000000000
        hk1109                      0.0001230230000000000    1.000000000000000    0.000000000000000
        hk1110                      0.0001109780000000000    1.000000000000000    0.000000000000000
        hk1111                      6.960000000000000e-05    1.000000000000000    0.000000000000000
        hk1112                      6.030000000000000e-05    1.000000000000000    0.000000000000000
        hk1113                      0.0001224780000000000    1.000000000000000    0.000000000000000
        hk1114                      0.0001229640000000000    1.000000000000000    0.000000000000000
        hk1115                      0.0002560470000000000    1.000000000000000    0.000000000000000
        hk1116                      0.0002560470000000000    1.000000000000000    0.000000000000000
        hk1117                      0.0002560470000000000    1.000000000000000    0.000000000000000
        hk1118                      0.0002560470000000000    1.000000000000000    0.000000000000000
        hk1119                      0.0002039090000000000    1.000000000000000    0.000000000000000
        hk1120                      0.0001325770000000000    1.000000000000000    0.000000000000000
        hk1121                      0.0001015050000000000    1.000000000000000    0.000000000000000
        hk1122                      0.0001427960000000000    1.000000000000000    0.000000000000000
        hk1123                      2.790000000000000e-05    1.000000000000000    0.000000000000000
        hk1124                      3.360000000000000e-05    1.000000000000000    0.000000000000000
        hk1125                      0.0002560470000000000    1.000000000000000    0.000000000000000
        hk1126                      0.0002560470000000000    1.000000000000000    0.000000000000000
        hk1127                      0.0002560470000000000    1.000000000000000    0.000000000000000
        hk1128                      0.0002560470000000000    1.000000000000000    0.000000000000000
        hk1129                      0.0002560470000000000    1.000000000000000    0.000000000000000
        hk1130                      0.0001167190000000000    1.000000000000000    0.000000000000000
        hk1131                      0.0001914240000000000    1.000000000000000    0.000000000000000
        hk1132                      0.0002604600000000000    1.000000000000000    0.000000000000000
        hk1133                      9.990000000000000e-05    1.000000000000000    0.000000000000000
        hk1134                      6.280000000000000e-05    1.000000000000000    0.000000000000000
        hk1135                      3.930000000000000e-05    1.000000000000000    0.000000000000000
        hk1136                      0.0002560470000000000    1.000000000000000    0.000000000000000
        hk1137                      0.0002560470000000000    1.000000000000000    0.000000000000000
        hk1138                      0.0002560470000000000    1.000000000000000    0.000000000000000
        hk1139                      0.0002560470000000000    1.000000000000000    0.000000000000000
        hk1140                      0.0002560470000000000    1.000000000000000    0.000000000000000
        hk1141                      0.0002560470000000000    1.000000000000000    0.000000000000000
        hk1142                      0.0002560470000000000    1.000000000000000    0.000000000000000
        hk1143                      0.0001125990000000000    1.000000000000000    0.000000000000000
        hk1144                      8.810000000000000e-05    1.000000000000000    0.000000000000000
        hk1145                      7.920000000000000e-05    1.000000000000000    0.000000000000000
        hk1146                      0.0002560470000000000    1.000000000000000    0.000000000000000
        hk1147                      0.0002560470000000000    1.000000000000000    0.000000000000000
        hk1148                      0.0002560470000000000    1.000000000000000    0.000000000000000
        hk1149                      0.0002560470000000000    1.000000000000000    0.000000000000000
        hk1150                      0.0002560470000000000    1.000000000000000    0.000000000000000
        hk1151                      0.0002560470000000000    1.000000000000000    0.000000000000000
        hk1152                      0.0002560470000000000    1.000000000000000    0.000000000000000
        hk1153                      0.0002560470000000000    1.000000000000000    0.000000000000000
        hk1154                      0.0002560470000000000    1.000000000000000    0.000000000000000
        hk1155                      0.0002560470000000000    1.000000000000000    0.000000000000000
        hk1156                      0.0002560470000000000    1.000000000000000    0.000000000000000
        hk1157                      0.0002560470000000000    1.000000000000000    0.000000000000000
        hk1158                      0.0002560470000000000    1.000000000000000    0.000000000000000
        hk1159                      0.0002560470000000000    1.000000000000000    0.000000000000000
        hk1160                      0.0002560470000000000    1.000000000000000    0.000000000000000
      hk_dunes                      0.0005000000000000000    1.000000000000000    0.000000000000000
     hk_seabed                      9.410000000000000e-06    1.000000000000000    0.000000000000000
     hk_valley                      0.0001000000000000000    1.000000000000000    0.000000000000000
             m                      8.000000000000000    1.000000000000000    0.000000000000000
            ne                      0.3000000000000000    1.000000000000000    0.000000000000000
        qmuni1                      0.0007152912201624273    1.000000000000000    0.000000000000000
        qmuni2                      0.0005014478011308380    1.000000000000000    0.000000000000000
        qmuni3                      0.0005704682314355907    1.000000000000000    0.000000000000000
        qmuni4                      0.0002137531691337373    1.000000000000000    0.000000000000000
        qmuni5                      0.0003597796253138157    1.000000000000000    0.000000000000000
        qmuni6                      0.0005103829789908201    1.000000000000000    0.000000000000000
        qmuni7                      0.0002016780158745735    1.000000000000000    0.000000000000000
        qmuni8                      0.0003085821631063046    1.000000000000000    0.000000000000000
        qmuni9                      0.0003122430645493096    1.000000000000000    0.000000000000000
     rech_mmyr                      547.0786300000000    1.000000000000000    0.000000000000000
          slvl                      0.01400000000000000    1.000000000000000    0.000000000000000
            ss                      1.000000000000000e-05    1.000000000000000    0.000000000000000
            sy                      0.1500000000000000    1.000000000000000    0.000000000000000
